0 0.117500 0.105833 0.175000 0.171667
0 0.311667 0.111667 0.163333 0.176667
0 0.499167 0.109167 0.161667 0.191667
0 0.689167 0.114167 0.165000 0.191667
0 0.885833 0.114167 0.188333 0.215000
0 0.892500 0.496667 0.181667 0.186667
0 0.700833 0.494167 0.185000 0.175000
0 0.498333 0.488333 0.173333 0.190000
0 0.305833 0.492500 0.215000 0.195000
0 0.118333 0.478333 0.206667 0.200000
0 0.117500 0.693333 0.195000 0.196667
0 0.311667 0.682500 0.196667 0.185000
0 0.508333 0.682500 0.200000 0.195000
0 0.700000 0.680000 0.216667 0.190000
0 0.897500 0.690833 0.191667 0.225000
0 0.880000 0.884167 0.200000 0.201667
0 0.696667 0.879167 0.223333 0.188333
0 0.500000 0.875000 0.190000 0.196667
0 0.313333 0.885833 0.213333 0.198333
0 0.120833 0.891667 0.178333 0.206667
1 0.890833 0.305833 0.185000 0.161667
1 0.693333 0.299167 0.180000 0.181667
1 0.507500 0.299167 0.188333 0.181667
1 0.307500 0.299167 0.191667 0.188333
1 0.106667 0.286667 0.170000 0.183333
