0 0.093496 0.864964 0.143631 0.270073
0 0.247967 0.854015 0.138211 0.218978
0 0.411924 0.857664 0.140921 0.226277
0 0.577236 0.868613 0.140921 0.233577
0 0.749322 0.861314 0.143631 0.218978
0 0.914634 0.854015 0.138211 0.248175
1 0.088076 0.226277 0.143631 0.233577
1 0.250678 0.193431 0.143631 0.240876
1 0.424119 0.204380 0.149051 0.262774
1 0.581301 0.208029 0.149051 0.270073
1 0.741192 0.204380 0.138211 0.233577
1 0.907859 0.211679 0.135501 0.262774
2 0.088076 0.525547 0.149051 0.233577
2 0.257453 0.536496 0.151762 0.255474
2 0.425474 0.525547 0.157182 0.248175
2 0.578591 0.529197 0.132791 0.255474
2 0.743902 0.543796 0.149051 0.240876
2 0.910569 0.543796 0.151762 0.240876
