2 0.093333 0.572500 0.153333 0.115000
2 0.244167 0.576667 0.131667 0.116667
2 0.363333 0.575000 0.123333 0.130000
2 0.504167 0.570833 0.141667 0.131667
2 0.638333 0.571667 0.150000 0.123333
2 0.765000 0.568333 0.150000 0.130000
2 0.897500 0.571667 0.138333 0.130000
1 0.148333 0.722500 0.186667 0.155000
1 0.321667 0.724167 0.170000 0.175000
1 0.503333 0.731667 0.190000 0.163333
1 0.675833 0.714167 0.171667 0.171667
1 0.857500 0.725000 0.151667 0.166667
1 0.870000 0.914167 0.196667 0.171667
1 0.688333 0.902500 0.176667 0.165000
1 0.503333 0.911667 0.170000 0.176667
1 0.319167 0.910000 0.171667 0.166667
1 0.129167 0.912500 0.185000 0.175000
0 0.151667 0.099167 0.163333 0.148333
0 0.293333 0.105000 0.120000 0.170000
0 0.429167 0.092500 0.125000 0.125000
0 0.559167 0.095000 0.118333 0.140000
0 0.701667 0.099167 0.140000 0.125000
0 0.841667 0.090000 0.133333 0.170000
0 0.843333 0.265000 0.140000 0.153333
0 0.700833 0.258333 0.101667 0.133333
0 0.574167 0.252500 0.135000 0.141667
0 0.434167 0.258333 0.121667 0.150000
0 0.301667 0.264167 0.140000 0.151667
0 0.144167 0.261667 0.148333 0.156667
0 0.153333 0.433333 0.160000 0.166667
0 0.293333 0.429167 0.136667 0.148333
0 0.430000 0.415000 0.120000 0.156667
0 0.576667 0.430000 0.150000 0.150000
0 0.703333 0.430833 0.130000 0.158333
0 0.846667 0.430000 0.140000 0.143333
