2 0.092500 0.579167 0.138333 0.135000
2 0.238333 0.565833 0.123333 0.128333
2 0.369167 0.578333 0.135000 0.126667
2 0.506667 0.577500 0.133333 0.128333
2 0.633333 0.572500 0.123333 0.115000
2 0.772500 0.575000 0.135000 0.126667
2 0.899167 0.570833 0.131667 0.141667
1 0.137500 0.727500 0.181667 0.185000
1 0.320000 0.730000 0.183333 0.176667
1 0.500833 0.721667 0.168333 0.186667
1 0.678333 0.729167 0.206667 0.185000
1 0.855833 0.734167 0.155000 0.178333
1 0.885000 0.911667 0.203333 0.176667
1 0.698333 0.910833 0.170000 0.175000
1 0.511667 0.906667 0.196667 0.186667
1 0.320833 0.907500 0.175000 0.168333
1 0.135000 0.901667 0.173333 0.183333
0 0.142500 0.091667 0.165000 0.140000
0 0.288333 0.099167 0.126667 0.141667
0 0.433333 0.099167 0.123333 0.161667
0 0.570000 0.100000 0.130000 0.150000
0 0.704167 0.092500 0.121667 0.138333
0 0.831667 0.095000 0.123333 0.136667
0 0.151667 0.264167 0.163333 0.141667
0 0.290000 0.255833 0.133333 0.151667
0 0.425833 0.266667 0.138333 0.146667
0 0.565000 0.261667 0.136667 0.136667
0 0.701667 0.253333 0.156667 0.146667
0 0.836667 0.264167 0.136667 0.141667
0 0.851667 0.428333 0.153333 0.130000
0 0.714167 0.425000 0.135000 0.130000
0 0.580833 0.428333 0.171667 0.153333
0 0.432500 0.433333 0.138333 0.126667
0 0.289167 0.425833 0.145000 0.128333
0 0.155000 0.432500 0.143333 0.148333
